-1.000000 1689
-0.917168 1873
-0.834336 2096
-0.751504 2166
-0.668673 2350
-0.585841 2526
-0.503009 2703
-0.420177 2774
-0.337345 2741
-0.254513 2773
-0.171681 2929
-0.088850 2904
-0.006018 2890
0.076814 2891
0.159646 2837
0.242478 2828
0.325310 2705
0.408142 2699
0.490973 2521
0.573805 2391
0.656637 2218
0.739469 2143
0.822301 1869
0.905133 1660
0.987964 1503
1.070796 1338
1.153628 1023
1.236460 835
1.319292 634
1.402124 382
1.484956 128
1.567787 126
1.650619 331
1.733451 587
1.816283 838
1.899115 1040
1.981947 1266
2.064779 1481
2.147610 1725
2.230442 1912
2.313274 2086
2.396106 2227
2.478938 2352
2.561770 2513
2.644602 2502
2.727433 2653
2.810265 2866
2.893097 2790
2.975929 2824
3.058761 2862
