-5.000000 , 0
-4.900000 , 0
-4.800000 , 0
-4.700000 , 0
-4.600000 , 0
-4.500000 , 0
-4.400000 , 0
-4.300000 , 2
-4.200000 , 0
-4.100000 , 0
-4.000000 , 1
-3.900000 , 1
-3.800000 , 1
-3.700000 , 4
-3.600000 , 4
-3.500000 , 7
-3.400000 , 6
-3.300000 , 12
-3.200000 , 17
-3.100000 , 20
-3.000000 , 22
-2.900000 , 39
-2.800000 , 47
-2.700000 , 50
-2.600000 , 66
-2.500000 , 117
-2.400000 , 124
-2.300000 , 171
-2.200000 , 187
-2.100000 , 234
-2.000000 , 267
-1.900000 , 383
-1.800000 , 444
-1.700000 , 538
-1.600000 , 562
-1.500000 , 721
-1.400000 , 806
-1.300000 , 935
-1.200000 , 1014
-1.100000 , 1105
-1.000000 , 1323
-0.900000 , 1385
-0.800000 , 1546
-0.700000 , 1614
-0.600000 , 1720
-0.500000 , 1829
-0.400000 , 1841
-0.300000 , 1941
-0.200000 , 1958
-0.100000 , 1961
0.000000 , 1928
0.100000 , 1971
0.200000 , 1914
0.300000 , 1854
0.400000 , 1763
0.500000 , 1721
0.600000 , 1623
0.700000 , 1503
0.800000 , 1366
0.900000 , 1238
1.000000 , 1147
1.100000 , 1065
1.200000 , 953
1.300000 , 853
1.400000 , 728
1.500000 , 597
1.600000 , 518
1.700000 , 431
1.800000 , 356
1.900000 , 285
2.000000 , 243
2.100000 , 223
2.200000 , 157
2.300000 , 138
2.400000 , 100
2.500000 , 76
2.600000 , 50
2.700000 , 43
2.800000 , 38
2.900000 , 26
3.000000 , 19
3.100000 , 16
3.200000 , 10
3.300000 , 6
3.400000 , 4
3.500000 , 3
3.600000 , 4
3.700000 , 1
3.800000 , 2
3.900000 , 0
4.000000 , 0
4.100000 , 2
4.200000 , 0
4.300000 , 0
4.400000 , 0
4.500000 , 0
4.600000 , 0
4.700000 , 0
4.800000 , 0
4.900000 , 0
