0.0 0.0 1
0.0628318530718 0.0 3
0.125663706144 0.0 3
0.188495559215 0.0 2
0.251327412287 0.0 10
0.314159265359 0.0 4
0.376991118431 0.0 12
0.439822971503 0.0 6
0.502654824574 0.0 10
0.565486677646 0.0 8
0.628318530718 0.0 12
0.69115038379 0.0 8
0.753982236862 0.0 12
0.816814089933 0.0 17
0.879645943005 0.0 11
0.942477796077 0.0 7
1.00530964915 0.0 17
1.06814150222 0.0 14
1.13097335529 0.0 17
1.19380520836 0.0 12
1.25663706144 0.0 10
1.31946891451 0.0 15
1.38230076758 0.0 10
1.44513262065 0.0 18
1.50796447372 0.0 15
1.57079632679 0.0 7
1.63362817987 0.0 14
1.69646003294 0.0 15
1.75929188601 0.0 15
1.82212373908 0.0 16
1.88495559215 0.0 18
1.94778744523 0.0 13
2.0106192983 0.0 20
2.07345115137 0.0 19
2.13628300444 0.0 12
2.19911485751 0.0 7
2.26194671058 0.0 14
2.32477856366 0.0 13
2.38761041673 0.0 8
2.4504422698 0.0 11
2.51327412287 0.0 7
2.57610597594 0.0 9
2.63893782902 0.0 3
2.70176968209 0.0 7
2.76460153516 0.0 6
2.82743338823 0.0 8
2.8902652413 0.0 2
2.95309709437 0.0 1
3.01592894745 0.0 7
3.07876080052 0.0 0
0.0 0.0628318530718 2
0.0628318530718 0.0628318530718 4
0.125663706144 0.0628318530718 6
0.188495559215 0.0628318530718 10
0.251327412287 0.0628318530718 16
0.314159265359 0.0628318530718 15
0.376991118431 0.0628318530718 16
0.439822971503 0.0628318530718 19
0.502654824574 0.0628318530718 18
0.565486677646 0.0628318530718 28
0.628318530718 0.0628318530718 22
0.69115038379 0.0628318530718 23
0.753982236862 0.0628318530718 27
0.816814089933 0.0628318530718 37
0.879645943005 0.0628318530718 42
0.942477796077 0.0628318530718 47
1.00530964915 0.0628318530718 33
1.06814150222 0.0628318530718 29
1.13097335529 0.0628318530718 34
1.19380520836 0.0628318530718 57
1.25663706144 0.0628318530718 44
1.31946891451 0.0628318530718 36
1.38230076758 0.0628318530718 54
1.44513262065 0.0628318530718 49
1.50796447372 0.0628318530718 44
1.57079632679 0.0628318530718 47
1.63362817987 0.0628318530718 39
1.69646003294 0.0628318530718 53
1.75929188601 0.0628318530718 51
1.82212373908 0.0628318530718 55
1.88495559215 0.0628318530718 41
1.94778744523 0.0628318530718 41
2.0106192983 0.0628318530718 30
2.07345115137 0.0628318530718 37
2.13628300444 0.0628318530718 37
2.19911485751 0.0628318530718 35
2.26194671058 0.0628318530718 36
2.32477856366 0.0628318530718 38
2.38761041673 0.0628318530718 26
2.4504422698 0.0628318530718 32
2.51327412287 0.0628318530718 19
2.57610597594 0.0628318530718 21
2.63893782902 0.0628318530718 18
2.70176968209 0.0628318530718 16
2.76460153516 0.0628318530718 14
2.82743338823 0.0628318530718 13
2.8902652413 0.0628318530718 10
2.95309709437 0.0628318530718 9
3.01592894745 0.0628318530718 6
3.07876080052 0.0628318530718 1
0.0 0.125663706144 6
0.0628318530718 0.125663706144 5
0.125663706144 0.125663706144 17
0.188495559215 0.125663706144 21
0.251327412287 0.125663706144 15
0.314159265359 0.125663706144 27
0.376991118431 0.125663706144 36
0.439822971503 0.125663706144 41
0.502654824574 0.125663706144 33
0.565486677646 0.125663706144 40
0.628318530718 0.125663706144 47
0.69115038379 0.125663706144 48
0.753982236862 0.125663706144 60
0.816814089933 0.125663706144 61
0.879645943005 0.125663706144 60
0.942477796077 0.125663706144 68
1.00530964915 0.125663706144 61
1.06814150222 0.125663706144 62
1.13097335529 0.125663706144 67
1.19380520836 0.125663706144 92
1.25663706144 0.125663706144 89
1.31946891451 0.125663706144 77
1.38230076758 0.125663706144 72
1.44513262065 0.125663706144 65
1.50796447372 0.125663706144 78
1.57079632679 0.125663706144 90
1.63362817987 0.125663706144 71
1.69646003294 0.125663706144 68
1.75929188601 0.125663706144 80
1.82212373908 0.125663706144 85
1.88495559215 0.125663706144 76
1.94778744523 0.125663706144 72
2.0106192983 0.125663706144 59
2.07345115137 0.125663706144 61
2.13628300444 0.125663706144 70
2.19911485751 0.125663706144 60
2.26194671058 0.125663706144 53
2.32477856366 0.125663706144 62
2.38761041673 0.125663706144 46
2.4504422698 0.125663706144 52
2.51327412287 0.125663706144 28
2.57610597594 0.125663706144 40
2.63893782902 0.125663706144 36
2.70176968209 0.125663706144 34
2.76460153516 0.125663706144 31
2.82743338823 0.125663706144 33
2.8902652413 0.125663706144 16
2.95309709437 0.125663706144 11
3.01592894745 0.125663706144 4
3.07876080052 0.125663706144 1
0.0 0.188495559215 2
0.0628318530718 0.188495559215 8
0.125663706144 0.188495559215 13
0.188495559215 0.188495559215 24
0.251327412287 0.188495559215 23
0.314159265359 0.188495559215 35
0.376991118431 0.188495559215 44
0.439822971503 0.188495559215 48
0.502654824574 0.188495559215 58
0.565486677646 0.188495559215 56
0.628318530718 0.188495559215 66
0.69115038379 0.188495559215 71
0.753982236862 0.188495559215 79
0.816814089933 0.188495559215 86
0.879645943005 0.188495559215 107
0.942477796077 0.188495559215 92
1.00530964915 0.188495559215 81
1.06814150222 0.188495559215 103
1.13097335529 0.188495559215 86
1.19380520836 0.188495559215 107
1.25663706144 0.188495559215 94
1.31946891451 0.188495559215 101
1.38230076758 0.188495559215 119
1.44513262065 0.188495559215 93
1.50796447372 0.188495559215 118
1.57079632679 0.188495559215 107
1.63362817987 0.188495559215 125
1.69646003294 0.188495559215 112
1.75929188601 0.188495559215 101
1.82212373908 0.188495559215 112
1.88495559215 0.188495559215 94
1.94778744523 0.188495559215 101
2.0106192983 0.188495559215 89
2.07345115137 0.188495559215 98
2.13628300444 0.188495559215 103
2.19911485751 0.188495559215 76
2.26194671058 0.188495559215 80
2.32477856366 0.188495559215 80
2.38761041673 0.188495559215 90
2.4504422698 0.188495559215 66
2.51327412287 0.188495559215 57
2.57610597594 0.188495559215 45
2.63893782902 0.188495559215 49
2.70176968209 0.188495559215 37
2.76460153516 0.188495559215 38
2.82743338823 0.188495559215 25
2.8902652413 0.188495559215 19
2.95309709437 0.188495559215 20
3.01592894745 0.188495559215 14
3.07876080052 0.188495559215 4
0.0 0.251327412287 3
0.0628318530718 0.251327412287 13
0.125663706144 0.251327412287 11
0.188495559215 0.251327412287 23
0.251327412287 0.251327412287 32
0.314159265359 0.251327412287 42
0.376991118431 0.251327412287 47
0.439822971503 0.251327412287 65
0.502654824574 0.251327412287 73
0.565486677646 0.251327412287 85
0.628318530718 0.251327412287 64
0.69115038379 0.251327412287 80
0.753982236862 0.251327412287 99
0.816814089933 0.251327412287 85
0.879645943005 0.251327412287 113
0.942477796077 0.251327412287 107
1.00530964915 0.251327412287 121
1.06814150222 0.251327412287 120
1.13097335529 0.251327412287 125
1.19380520836 0.251327412287 147
1.25663706144 0.251327412287 131
1.31946891451 0.251327412287 133
1.38230076758 0.251327412287 127
1.44513262065 0.251327412287 122
1.50796447372 0.251327412287 146
1.57079632679 0.251327412287 146
1.63362817987 0.251327412287 148
1.69646003294 0.251327412287 139
1.75929188601 0.251327412287 121
1.82212373908 0.251327412287 147
1.88495559215 0.251327412287 134
1.94778744523 0.251327412287 141
2.0106192983 0.251327412287 111
2.07345115137 0.251327412287 106
2.13628300444 0.251327412287 117
2.19911485751 0.251327412287 103
2.26194671058 0.251327412287 98
2.32477856366 0.251327412287 92
2.38761041673 0.251327412287 102
2.4504422698 0.251327412287 87
2.51327412287 0.251327412287 81
2.57610597594 0.251327412287 78
2.63893782902 0.251327412287 71
2.70176968209 0.251327412287 56
2.76460153516 0.251327412287 44
2.82743338823 0.251327412287 41
2.8902652413 0.251327412287 33
2.95309709437 0.251327412287 21
3.01592894745 0.251327412287 9
3.07876080052 0.251327412287 5
0.0 0.314159265359 4
0.0628318530718 0.314159265359 21
0.125663706144 0.314159265359 18
0.188495559215 0.314159265359 37
0.251327412287 0.314159265359 54
0.314159265359 0.314159265359 55
0.376991118431 0.314159265359 54
0.439822971503 0.314159265359 85
0.502654824574 0.314159265359 83
0.565486677646 0.314159265359 74
0.628318530718 0.314159265359 92
0.69115038379 0.314159265359 109
0.753982236862 0.314159265359 109
0.816814089933 0.314159265359 99
0.879645943005 0.314159265359 137
0.942477796077 0.314159265359 138
1.00530964915 0.314159265359 133
1.06814150222 0.314159265359 161
1.13097335529 0.314159265359 153
1.19380520836 0.314159265359 171
1.25663706144 0.314159265359 163
1.31946891451 0.314159265359 160
1.38230076758 0.314159265359 171
1.44513262065 0.314159265359 183
1.50796447372 0.314159265359 169
1.57079632679 0.314159265359 182
1.63362817987 0.314159265359 170
1.69646003294 0.314159265359 181
1.75929188601 0.314159265359 165
1.82212373908 0.314159265359 167
1.88495559215 0.314159265359 173
1.94778744523 0.314159265359 174
2.0106192983 0.314159265359 134
2.07345115137 0.314159265359 144
2.13628300444 0.314159265359 131
2.19911485751 0.314159265359 126
2.26194671058 0.314159265359 113
2.32477856366 0.314159265359 136
2.38761041673 0.314159265359 106
2.4504422698 0.314159265359 93
2.51327412287 0.314159265359 98
2.57610597594 0.314159265359 104
2.63893782902 0.314159265359 75
2.70176968209 0.314159265359 64
2.76460153516 0.314159265359 52
2.82743338823 0.314159265359 54
2.8902652413 0.314159265359 32
2.95309709437 0.314159265359 18
3.01592894745 0.314159265359 18
3.07876080052 0.314159265359 4
0.0 0.376991118431 8
0.0628318530718 0.376991118431 18
0.125663706144 0.376991118431 27
0.188495559215 0.376991118431 39
0.251327412287 0.376991118431 43
0.314159265359 0.376991118431 76
0.376991118431 0.376991118431 74
0.439822971503 0.376991118431 79
0.502654824574 0.376991118431 104
0.565486677646 0.376991118431 102
0.628318530718 0.376991118431 110
0.69115038379 0.376991118431 115
0.753982236862 0.376991118431 149
0.816814089933 0.376991118431 166
0.879645943005 0.376991118431 144
0.942477796077 0.376991118431 170
1.00530964915 0.376991118431 183
1.06814150222 0.376991118431 187
1.13097335529 0.376991118431 178
1.19380520836 0.376991118431 177
1.25663706144 0.376991118431 181
1.31946891451 0.376991118431 191
1.38230076758 0.376991118431 173
1.44513262065 0.376991118431 185
1.50796447372 0.376991118431 190
1.57079632679 0.376991118431 209
1.63362817987 0.376991118431 194
1.69646003294 0.376991118431 194
1.75929188601 0.376991118431 206
1.82212373908 0.376991118431 165
1.88495559215 0.376991118431 163
1.94778744523 0.376991118431 174
2.0106192983 0.376991118431 175
2.07345115137 0.376991118431 182
2.13628300444 0.376991118431 155
2.19911485751 0.376991118431 167
2.26194671058 0.376991118431 151
2.32477856366 0.376991118431 117
2.38761041673 0.376991118431 143
2.4504422698 0.376991118431 126
2.51327412287 0.376991118431 97
2.57610597594 0.376991118431 91
2.63893782902 0.376991118431 80
2.70176968209 0.376991118431 83
2.76460153516 0.376991118431 75
2.82743338823 0.376991118431 52
2.8902652413 0.376991118431 36
2.95309709437 0.376991118431 26
3.01592894745 0.376991118431 21
3.07876080052 0.376991118431 3
0.0 0.439822971503 7
0.0628318530718 0.439822971503 22
0.125663706144 0.439822971503 32
0.188495559215 0.439822971503 42
0.251327412287 0.439822971503 68
0.314159265359 0.439822971503 60
0.376991118431 0.439822971503 93
0.439822971503 0.439822971503 108
0.502654824574 0.439822971503 122
0.565486677646 0.439822971503 118
0.628318530718 0.439822971503 134
0.69115038379 0.439822971503 153
0.753982236862 0.439822971503 165
0.816814089933 0.439822971503 178
0.879645943005 0.439822971503 181
0.942477796077 0.439822971503 164
1.00530964915 0.439822971503 189
1.06814150222 0.439822971503 202
1.13097335529 0.439822971503 191
1.19380520836 0.439822971503 220
1.25663706144 0.439822971503 229
1.31946891451 0.439822971503 216
1.38230076758 0.439822971503 236
1.44513262065 0.439822971503 246
1.50796447372 0.439822971503 215
1.57079632679 0.439822971503 216
1.63362817987 0.439822971503 238
1.69646003294 0.439822971503 216
1.75929188601 0.439822971503 236
1.82212373908 0.439822971503 209
1.88495559215 0.439822971503 218
1.94778744523 0.439822971503 184
2.0106192983 0.439822971503 186
2.07345115137 0.439822971503 175
2.13628300444 0.439822971503 200
2.19911485751 0.439822971503 179
2.26194671058 0.439822971503 154
2.32477856366 0.439822971503 160
2.38761041673 0.439822971503 147
2.4504422698 0.439822971503 129
2.51327412287 0.439822971503 117
2.57610597594 0.439822971503 119
2.63893782902 0.439822971503 119
2.70176968209 0.439822971503 86
2.76460153516 0.439822971503 89
2.82743338823 0.439822971503 61
2.8902652413 0.439822971503 51
2.95309709437 0.439822971503 40
3.01592894745 0.439822971503 17
3.07876080052 0.439822971503 5
0.0 0.502654824574 7
0.0628318530718 0.502654824574 25
0.125663706144 0.502654824574 49
0.188495559215 0.502654824574 58
0.251327412287 0.502654824574 73
0.314159265359 0.502654824574 82
0.376991118431 0.502654824574 83
0.439822971503 0.502654824574 109
0.502654824574 0.502654824574 123
0.565486677646 0.502654824574 138
0.628318530718 0.502654824574 157
0.69115038379 0.502654824574 158
0.753982236862 0.502654824574 182
0.816814089933 0.502654824574 172
0.879645943005 0.502654824574 204
0.942477796077 0.502654824574 210
1.00530964915 0.502654824574 193
1.06814150222 0.502654824574 199
1.13097335529 0.502654824574 206
1.19380520836 0.502654824574 235
1.25663706144 0.502654824574 223
1.31946891451 0.502654824574 247
1.38230076758 0.502654824574 242
1.44513262065 0.502654824574 224
1.50796447372 0.502654824574 269
1.57079632679 0.502654824574 208
1.63362817987 0.502654824574 236
1.69646003294 0.502654824574 240
1.75929188601 0.502654824574 234
1.82212373908 0.502654824574 247
1.88495559215 0.502654824574 256
1.94778744523 0.502654824574 240
2.0106192983 0.502654824574 227
2.07345115137 0.502654824574 206
2.13628300444 0.502654824574 201
2.19911485751 0.502654824574 209
2.26194671058 0.502654824574 177
2.32477856366 0.502654824574 189
2.38761041673 0.502654824574 159
2.4504422698 0.502654824574 139
2.51327412287 0.502654824574 118
2.57610597594 0.502654824574 142
2.63893782902 0.502654824574 107
2.70176968209 0.502654824574 107
2.76460153516 0.502654824574 80
2.82743338823 0.502654824574 69
2.8902652413 0.502654824574 46
2.95309709437 0.502654824574 35
3.01592894745 0.502654824574 26
3.07876080052 0.502654824574 8
0.0 0.565486677646 5
0.0628318530718 0.565486677646 35
0.125663706144 0.565486677646 33
0.188495559215 0.565486677646 57
0.251327412287 0.565486677646 71
0.314159265359 0.565486677646 93
0.376991118431 0.565486677646 101
0.439822971503 0.565486677646 115
0.502654824574 0.565486677646 154
0.565486677646 0.565486677646 158
0.628318530718 0.565486677646 177
0.69115038379 0.565486677646 174
0.753982236862 0.565486677646 183
0.816814089933 0.565486677646 222
0.879645943005 0.565486677646 216
0.942477796077 0.565486677646 233
1.00530964915 0.565486677646 237
1.06814150222 0.565486677646 238
1.13097335529 0.565486677646 267
1.19380520836 0.565486677646 265
1.25663706144 0.565486677646 236
1.31946891451 0.565486677646 292
1.38230076758 0.565486677646 277
1.44513262065 0.565486677646 245
1.50796447372 0.565486677646 264
1.57079632679 0.565486677646 289
1.63362817987 0.565486677646 264
1.69646003294 0.565486677646 288
1.75929188601 0.565486677646 241
1.82212373908 0.565486677646 270
1.88495559215 0.565486677646 241
1.94778744523 0.565486677646 241
2.0106192983 0.565486677646 250
2.07345115137 0.565486677646 240
2.13628300444 0.565486677646 242
2.19911485751 0.565486677646 210
2.26194671058 0.565486677646 201
2.32477856366 0.565486677646 186
2.38761041673 0.565486677646 181
2.4504422698 0.565486677646 149
2.51327412287 0.565486677646 139
2.57610597594 0.565486677646 125
2.63893782902 0.565486677646 126
2.70176968209 0.565486677646 94
2.76460153516 0.565486677646 98
2.82743338823 0.565486677646 75
2.8902652413 0.565486677646 67
2.95309709437 0.565486677646 38
3.01592894745 0.565486677646 24
3.07876080052 0.565486677646 15
0.0 0.628318530718 8
0.0628318530718 0.628318530718 34
0.125663706144 0.628318530718 61
0.188495559215 0.628318530718 59
0.251327412287 0.628318530718 88
0.314159265359 0.628318530718 106
0.376991118431 0.628318530718 121
0.439822971503 0.628318530718 141
0.502654824574 0.628318530718 161
0.565486677646 0.628318530718 167
0.628318530718 0.628318530718 159
0.69115038379 0.628318530718 186
0.753982236862 0.628318530718 236
0.816814089933 0.628318530718 238
0.879645943005 0.628318530718 220
0.942477796077 0.628318530718 263
1.00530964915 0.628318530718 269
1.06814150222 0.628318530718 273
1.13097335529 0.628318530718 295
1.19380520836 0.628318530718 293
1.25663706144 0.628318530718 307
1.31946891451 0.628318530718 301
1.38230076758 0.628318530718 288
1.44513262065 0.628318530718 293
1.50796447372 0.628318530718 297
1.57079632679 0.628318530718 285
1.63362817987 0.628318530718 288
1.69646003294 0.628318530718 314
1.75929188601 0.628318530718 301
1.82212373908 0.628318530718 270
1.88495559215 0.628318530718 281
1.94778744523 0.628318530718 270
2.0106192983 0.628318530718 284
2.07345115137 0.628318530718 255
2.13628300444 0.628318530718 248
2.19911485751 0.628318530718 253
2.26194671058 0.628318530718 217
2.32477856366 0.628318530718 186
2.38761041673 0.628318530718 205
2.4504422698 0.628318530718 209
2.51327412287 0.628318530718 179
2.57610597594 0.628318530718 160
2.63893782902 0.628318530718 145
2.70176968209 0.628318530718 134
2.76460153516 0.628318530718 102
2.82743338823 0.628318530718 85
2.8902652413 0.628318530718 72
2.95309709437 0.628318530718 38
3.01592894745 0.628318530718 34
3.07876080052 0.628318530718 10
0.0 0.69115038379 8
0.0628318530718 0.69115038379 28
0.125663706144 0.69115038379 35
0.188495559215 0.69115038379 71
0.251327412287 0.69115038379 71
0.314159265359 0.69115038379 118
0.376991118431 0.69115038379 124
0.439822971503 0.69115038379 138
0.502654824574 0.69115038379 187
0.565486677646 0.69115038379 217
0.628318530718 0.69115038379 198
0.69115038379 0.69115038379 204
0.753982236862 0.69115038379 262
0.816814089933 0.69115038379 246
0.879645943005 0.69115038379 229
0.942477796077 0.69115038379 261
1.00530964915 0.69115038379 261
1.06814150222 0.69115038379 294
1.13097335529 0.69115038379 325
1.19380520836 0.69115038379 303
1.25663706144 0.69115038379 319
1.31946891451 0.69115038379 292
1.38230076758 0.69115038379 337
1.44513262065 0.69115038379 323
1.50796447372 0.69115038379 296
1.57079632679 0.69115038379 298
1.63362817987 0.69115038379 288
1.69646003294 0.69115038379 316
1.75929188601 0.69115038379 333
1.82212373908 0.69115038379 309
1.88495559215 0.69115038379 266
1.94778744523 0.69115038379 327
2.0106192983 0.69115038379 284
2.07345115137 0.69115038379 259
2.13628300444 0.69115038379 288
2.19911485751 0.69115038379 273
2.26194671058 0.69115038379 225
2.32477856366 0.69115038379 241
2.38761041673 0.69115038379 225
2.4504422698 0.69115038379 193
2.51327412287 0.69115038379 185
2.57610597594 0.69115038379 146
2.63893782902 0.69115038379 134
2.70176968209 0.69115038379 124
2.76460153516 0.69115038379 114
2.82743338823 0.69115038379 91
2.8902652413 0.69115038379 88
2.95309709437 0.69115038379 46
3.01592894745 0.69115038379 42
3.07876080052 0.69115038379 6
0.0 0.753982236862 7
0.0628318530718 0.753982236862 39
0.125663706144 0.753982236862 64
0.188495559215 0.753982236862 65
0.251327412287 0.753982236862 105
0.314159265359 0.753982236862 151
0.376991118431 0.753982236862 147
0.439822971503 0.753982236862 147
0.502654824574 0.753982236862 177
0.565486677646 0.753982236862 197
0.628318530718 0.753982236862 218
0.69115038379 0.753982236862 216
0.753982236862 0.753982236862 234
0.816814089933 0.753982236862 230
0.879645943005 0.753982236862 243
0.942477796077 0.753982236862 293
1.00530964915 0.753982236862 300
1.06814150222 0.753982236862 286
1.13097335529 0.753982236862 289
1.19380520836 0.753982236862 317
1.25663706144 0.753982236862 343
1.31946891451 0.753982236862 339
1.38230076758 0.753982236862 347
1.44513262065 0.753982236862 341
1.50796447372 0.753982236862 337
1.57079632679 0.753982236862 342
1.63362817987 0.753982236862 325
1.69646003294 0.753982236862 345
1.75929188601 0.753982236862 351
1.82212373908 0.753982236862 320
1.88495559215 0.753982236862 373
1.94778744523 0.753982236862 325
2.0106192983 0.753982236862 328
2.07345115137 0.753982236862 310
2.13628300444 0.753982236862 276
2.19911485751 0.753982236862 249
2.26194671058 0.753982236862 273
2.32477856366 0.753982236862 247
2.38761041673 0.753982236862 237
2.4504422698 0.753982236862 194
2.51327412287 0.753982236862 191
2.57610597594 0.753982236862 138
2.63893782902 0.753982236862 167
2.70176968209 0.753982236862 148
2.76460153516 0.753982236862 136
2.82743338823 0.753982236862 108
2.8902652413 0.753982236862 61
2.95309709437 0.753982236862 49
3.01592894745 0.753982236862 33
3.07876080052 0.753982236862 18
0.0 0.816814089933 21
0.0628318530718 0.816814089933 37
0.125663706144 0.816814089933 55
0.188495559215 0.816814089933 93
0.251327412287 0.816814089933 131
0.314159265359 0.816814089933 133
0.376991118431 0.816814089933 177
0.439822971503 0.816814089933 149
0.502654824574 0.816814089933 196
0.565486677646 0.816814089933 195
0.628318530718 0.816814089933 214
0.69115038379 0.816814089933 224
0.753982236862 0.816814089933 259
0.816814089933 0.816814089933 246
0.879645943005 0.816814089933 265
0.942477796077 0.816814089933 325
1.00530964915 0.816814089933 327
1.06814150222 0.816814089933 340
1.13097335529 0.816814089933 374
1.19380520836 0.816814089933 371
1.25663706144 0.816814089933 367
1.31946891451 0.816814089933 342
1.38230076758 0.816814089933 395
1.44513262065 0.816814089933 369
1.50796447372 0.816814089933 385
1.57079632679 0.816814089933 389
1.63362817987 0.816814089933 365
1.69646003294 0.816814089933 333
1.75929188601 0.816814089933 343
1.82212373908 0.816814089933 362
1.88495559215 0.816814089933 334
1.94778744523 0.816814089933 331
2.0106192983 0.816814089933 316
2.07345115137 0.816814089933 319
2.13628300444 0.816814089933 305
2.19911485751 0.816814089933 267
2.26194671058 0.816814089933 293
2.32477856366 0.816814089933 252
2.38761041673 0.816814089933 241
2.4504422698 0.816814089933 222
2.51327412287 0.816814089933 209
2.57610597594 0.816814089933 187
2.63893782902 0.816814089933 179
2.70176968209 0.816814089933 141
2.76460153516 0.816814089933 123
2.82743338823 0.816814089933 99
2.8902652413 0.816814089933 87
2.95309709437 0.816814089933 76
3.01592894745 0.816814089933 32
3.07876080052 0.816814089933 8
0.0 0.879645943005 14
0.0628318530718 0.879645943005 29
0.125663706144 0.879645943005 68
0.188495559215 0.879645943005 69
0.251327412287 0.879645943005 103
0.314159265359 0.879645943005 118
0.376991118431 0.879645943005 160
0.439822971503 0.879645943005 173
0.502654824574 0.879645943005 223
0.565486677646 0.879645943005 195
0.628318530718 0.879645943005 269
0.69115038379 0.879645943005 225
0.753982236862 0.879645943005 258
0.816814089933 0.879645943005 292
0.879645943005 0.879645943005 312
0.942477796077 0.879645943005 328
1.00530964915 0.879645943005 340
1.06814150222 0.879645943005 317
1.13097335529 0.879645943005 366
1.19380520836 0.879645943005 372
1.25663706144 0.879645943005 401
1.31946891451 0.879645943005 358
1.38230076758 0.879645943005 373
1.44513262065 0.879645943005 392
1.50796447372 0.879645943005 400
1.57079632679 0.879645943005 392
1.63362817987 0.879645943005 392
1.69646003294 0.879645943005 394
1.75929188601 0.879645943005 382
1.82212373908 0.879645943005 368
1.88495559215 0.879645943005 347
1.94778744523 0.879645943005 324
2.0106192983 0.879645943005 325
2.07345115137 0.879645943005 323
2.13628300444 0.879645943005 330
2.19911485751 0.879645943005 307
2.26194671058 0.879645943005 304
2.32477856366 0.879645943005 286
2.38761041673 0.879645943005 270
2.4504422698 0.879645943005 232
2.51327412287 0.879645943005 214
2.57610597594 0.879645943005 203
2.63893782902 0.879645943005 185
2.70176968209 0.879645943005 165
2.76460153516 0.879645943005 121
2.82743338823 0.879645943005 82
2.8902652413 0.879645943005 99
2.95309709437 0.879645943005 71
3.01592894745 0.879645943005 57
3.07876080052 0.879645943005 18
0.0 0.942477796077 12
0.0628318530718 0.942477796077 42
0.125663706144 0.942477796077 61
0.188495559215 0.942477796077 97
0.251327412287 0.942477796077 112
0.314159265359 0.942477796077 154
0.376991118431 0.942477796077 171
0.439822971503 0.942477796077 195
0.502654824574 0.942477796077 203
0.565486677646 0.942477796077 228
0.628318530718 0.942477796077 258
0.69115038379 0.942477796077 264
0.753982236862 0.942477796077 288
0.816814089933 0.942477796077 320
0.879645943005 0.942477796077 350
0.942477796077 0.942477796077 349
1.00530964915 0.942477796077 346
1.06814150222 0.942477796077 335
1.13097335529 0.942477796077 335
1.19380520836 0.942477796077 388
1.25663706144 0.942477796077 384
1.31946891451 0.942477796077 364
1.38230076758 0.942477796077 440
1.44513262065 0.942477796077 407
1.50796447372 0.942477796077 425
1.57079632679 0.942477796077 423
1.63362817987 0.942477796077 428
1.69646003294 0.942477796077 395
1.75929188601 0.942477796077 406
1.82212373908 0.942477796077 390
1.88495559215 0.942477796077 360
1.94778744523 0.942477796077 347
2.0106192983 0.942477796077 380
2.07345115137 0.942477796077 359
2.13628300444 0.942477796077 326
2.19911485751 0.942477796077 278
2.26194671058 0.942477796077 323
2.32477856366 0.942477796077 283
2.38761041673 0.942477796077 269
2.4504422698 0.942477796077 233
2.51327412287 0.942477796077 205
2.57610597594 0.942477796077 213
2.63893782902 0.942477796077 180
2.70176968209 0.942477796077 154
2.76460153516 0.942477796077 135
2.82743338823 0.942477796077 122
2.8902652413 0.942477796077 96
2.95309709437 0.942477796077 65
3.01592894745 0.942477796077 33
3.07876080052 0.942477796077 16
0.0 1.00530964915 20
0.0628318530718 1.00530964915 43
0.125663706144 1.00530964915 76
0.188495559215 1.00530964915 101
0.251327412287 1.00530964915 130
0.314159265359 1.00530964915 137
0.376991118431 1.00530964915 190
0.439822971503 1.00530964915 193
0.502654824574 1.00530964915 209
0.565486677646 1.00530964915 219
0.628318530718 1.00530964915 251
0.69115038379 1.00530964915 284
0.753982236862 1.00530964915 300
0.816814089933 1.00530964915 317
0.879645943005 1.00530964915 333
0.942477796077 1.00530964915 371
1.00530964915 1.00530964915 381
1.06814150222 1.00530964915 378
1.13097335529 1.00530964915 398
1.19380520836 1.00530964915 380
1.25663706144 1.00530964915 409
1.31946891451 1.00530964915 393
1.38230076758 1.00530964915 440
1.44513262065 1.00530964915 464
1.50796447372 1.00530964915 447
1.57079632679 1.00530964915 435
1.63362817987 1.00530964915 412
1.69646003294 1.00530964915 422
1.75929188601 1.00530964915 410
1.82212373908 1.00530964915 388
1.88495559215 1.00530964915 368
1.94778744523 1.00530964915 387
2.0106192983 1.00530964915 372
2.07345115137 1.00530964915 364
2.13628300444 1.00530964915 346
2.19911485751 1.00530964915 360
2.26194671058 1.00530964915 329
2.32477856366 1.00530964915 311
2.38761041673 1.00530964915 247
2.4504422698 1.00530964915 279
2.51327412287 1.00530964915 248
2.57610597594 1.00530964915 194
2.63893782902 1.00530964915 201
2.70176968209 1.00530964915 159
2.76460153516 1.00530964915 151
2.82743338823 1.00530964915 122
2.8902652413 1.00530964915 96
2.95309709437 1.00530964915 67
3.01592894745 1.00530964915 50
3.07876080052 1.00530964915 11
0.0 1.06814150222 8
0.0628318530718 1.06814150222 30
0.125663706144 1.06814150222 49
0.188495559215 1.06814150222 93
0.251327412287 1.06814150222 102
0.314159265359 1.06814150222 132
0.376991118431 1.06814150222 172
0.439822971503 1.06814150222 192
0.502654824574 1.06814150222 184
0.565486677646 1.06814150222 267
0.628318530718 1.06814150222 254
0.69115038379 1.06814150222 262
0.753982236862 1.06814150222 305
0.816814089933 1.06814150222 334
0.879645943005 1.06814150222 334
0.942477796077 1.06814150222 371
1.00530964915 1.06814150222 367
1.06814150222 1.06814150222 341
1.13097335529 1.06814150222 404
1.19380520836 1.06814150222 416
1.25663706144 1.06814150222 419
1.31946891451 1.06814150222 452
1.38230076758 1.06814150222 396
1.44513262065 1.06814150222 428
1.50796447372 1.06814150222 461
1.57079632679 1.06814150222 444
1.63362817987 1.06814150222 423
1.69646003294 1.06814150222 436
1.75929188601 1.06814150222 414
1.82212373908 1.06814150222 434
1.88495559215 1.06814150222 397
1.94778744523 1.06814150222 451
2.0106192983 1.06814150222 383
2.07345115137 1.06814150222 410
2.13628300444 1.06814150222 321
2.19911485751 1.06814150222 360
2.26194671058 1.06814150222 334
2.32477856366 1.06814150222 317
2.38761041673 1.06814150222 266
2.4504422698 1.06814150222 269
2.51327412287 1.06814150222 281
2.57610597594 1.06814150222 219
2.63893782902 1.06814150222 182
2.70176968209 1.06814150222 184
2.76460153516 1.06814150222 154
2.82743338823 1.06814150222 131
2.8902652413 1.06814150222 80
2.95309709437 1.06814150222 77
3.01592894745 1.06814150222 39
3.07876080052 1.06814150222 17
0.0 1.13097335529 14
0.0628318530718 1.13097335529 62
0.125663706144 1.13097335529 67
0.188495559215 1.13097335529 95
0.251327412287 1.13097335529 118
0.314159265359 1.13097335529 158
0.376991118431 1.13097335529 182
0.439822971503 1.13097335529 190
0.502654824574 1.13097335529 225
0.565486677646 1.13097335529 271
0.628318530718 1.13097335529 274
0.69115038379 1.13097335529 303
0.753982236862 1.13097335529 310
0.816814089933 1.13097335529 346
0.879645943005 1.13097335529 332
0.942477796077 1.13097335529 367
1.00530964915 1.13097335529 395
1.06814150222 1.13097335529 424
1.13097335529 1.13097335529 413
1.19380520836 1.13097335529 440
1.25663706144 1.13097335529 416
1.31946891451 1.13097335529 430
1.38230076758 1.13097335529 441
1.44513262065 1.13097335529 455
1.50796447372 1.13097335529 451
1.57079632679 1.13097335529 486
1.63362817987 1.13097335529 415
1.69646003294 1.13097335529 429
1.75929188601 1.13097335529 449
1.82212373908 1.13097335529 410
1.88495559215 1.13097335529 456
1.94778744523 1.13097335529 443
2.0106192983 1.13097335529 437
2.07345115137 1.13097335529 367
2.13628300444 1.13097335529 358
2.19911485751 1.13097335529 391
2.26194671058 1.13097335529 338
2.32477856366 1.13097335529 322
2.38761041673 1.13097335529 320
2.4504422698 1.13097335529 257
2.51327412287 1.13097335529 251
2.57610597594 1.13097335529 223
2.63893782902 1.13097335529 196
2.70176968209 1.13097335529 187
2.76460153516 1.13097335529 140
2.82743338823 1.13097335529 135
2.8902652413 1.13097335529 101
2.95309709437 1.13097335529 87
3.01592894745 1.13097335529 44
3.07876080052 1.13097335529 13
0.0 1.19380520836 14
0.0628318530718 1.19380520836 35
0.125663706144 1.19380520836 82
0.188495559215 1.19380520836 119
0.251327412287 1.19380520836 118
0.314159265359 1.19380520836 158
0.376991118431 1.19380520836 168
0.439822971503 1.19380520836 204
0.502654824574 1.19380520836 223
0.565486677646 1.19380520836 274
0.628318530718 1.19380520836 305
0.69115038379 1.19380520836 337
0.753982236862 1.19380520836 351
0.816814089933 1.19380520836 341
0.879645943005 1.19380520836 379
0.942477796077 1.19380520836 363
1.00530964915 1.19380520836 423
1.06814150222 1.19380520836 433
1.13097335529 1.19380520836 443
1.19380520836 1.19380520836 444
1.25663706144 1.19380520836 440
1.31946891451 1.19380520836 434
1.38230076758 1.19380520836 439
1.44513262065 1.19380520836 426
1.50796447372 1.19380520836 470
1.57079632679 1.19380520836 459
1.63362817987 1.19380520836 433
1.69646003294 1.19380520836 466
1.75929188601 1.19380520836 430
1.82212373908 1.19380520836 441
1.88495559215 1.19380520836 435
1.94778744523 1.19380520836 432
2.0106192983 1.19380520836 458
2.07345115137 1.19380520836 419
2.13628300444 1.19380520836 371
2.19911485751 1.19380520836 399
2.26194671058 1.19380520836 329
2.32477856366 1.19380520836 326
2.38761041673 1.19380520836 347
2.4504422698 1.19380520836 292
2.51327412287 1.19380520836 256
2.57610597594 1.19380520836 233
2.63893782902 1.19380520836 206
2.70176968209 1.19380520836 207
2.76460153516 1.19380520836 161
2.82743338823 1.19380520836 138
2.8902652413 1.19380520836 115
2.95309709437 1.19380520836 74
3.01592894745 1.19380520836 37
3.07876080052 1.19380520836 16
0.0 1.25663706144 21
0.0628318530718 1.25663706144 55
0.125663706144 1.25663706144 77
0.188495559215 1.25663706144 118
0.251327412287 1.25663706144 142
0.314159265359 1.25663706144 158
0.376991118431 1.25663706144 182
0.439822971503 1.25663706144 203
0.502654824574 1.25663706144 240
0.565486677646 1.25663706144 280
0.628318530718 1.25663706144 332
0.69115038379 1.25663706144 343
0.753982236862 1.25663706144 314
0.816814089933 1.25663706144 351
0.879645943005 1.25663706144 383
0.942477796077 1.25663706144 413
1.00530964915 1.25663706144 431
1.06814150222 1.25663706144 402
1.13097335529 1.25663706144 406
1.19380520836 1.25663706144 455
1.25663706144 1.25663706144 441
1.31946891451 1.25663706144 439
1.38230076758 1.25663706144 484
1.44513262065 1.25663706144 471
1.50796447372 1.25663706144 451
1.57079632679 1.25663706144 425
1.63362817987 1.25663706144 489
1.69646003294 1.25663706144 506
1.75929188601 1.25663706144 451
1.82212373908 1.25663706144 461
1.88495559215 1.25663706144 450
1.94778744523 1.25663706144 438
2.0106192983 1.25663706144 413
2.07345115137 1.25663706144 429
2.13628300444 1.25663706144 404
2.19911485751 1.25663706144 366
2.26194671058 1.25663706144 346
2.32477856366 1.25663706144 346
2.38761041673 1.25663706144 324
2.4504422698 1.25663706144 280
2.51327412287 1.25663706144 240
2.57610597594 1.25663706144 255
2.63893782902 1.25663706144 236
2.70176968209 1.25663706144 172
2.76460153516 1.25663706144 166
2.82743338823 1.25663706144 141
2.8902652413 1.25663706144 98
2.95309709437 1.25663706144 56
3.01592894745 1.25663706144 41
3.07876080052 1.25663706144 15
0.0 1.31946891451 15
0.0628318530718 1.31946891451 41
0.125663706144 1.31946891451 72
0.188495559215 1.31946891451 117
0.251327412287 1.31946891451 134
0.314159265359 1.31946891451 156
0.376991118431 1.31946891451 182
0.439822971503 1.31946891451 215
0.502654824574 1.31946891451 237
0.565486677646 1.31946891451 257
0.628318530718 1.31946891451 332
0.69115038379 1.31946891451 310
0.753982236862 1.31946891451 346
0.816814089933 1.31946891451 368
0.879645943005 1.31946891451 371
0.942477796077 1.31946891451 391
1.00530964915 1.31946891451 405
1.06814150222 1.31946891451 426
1.13097335529 1.31946891451 430
1.19380520836 1.31946891451 446
1.25663706144 1.31946891451 469
1.31946891451 1.31946891451 511
1.38230076758 1.31946891451 481
1.44513262065 1.31946891451 479
1.50796447372 1.31946891451 477
1.57079632679 1.31946891451 467
1.63362817987 1.31946891451 489
1.69646003294 1.31946891451 452
1.75929188601 1.31946891451 495
1.82212373908 1.31946891451 444
1.88495559215 1.31946891451 503
1.94778744523 1.31946891451 434
2.0106192983 1.31946891451 434
2.07345115137 1.31946891451 407
2.13628300444 1.31946891451 430
2.19911485751 1.31946891451 367
2.26194671058 1.31946891451 329
2.32477856366 1.31946891451 360
2.38761041673 1.31946891451 324
2.4504422698 1.31946891451 300
2.51327412287 1.31946891451 281
2.57610597594 1.31946891451 228
2.63893782902 1.31946891451 196
2.70176968209 1.31946891451 202
2.76460153516 1.31946891451 156
2.82743338823 1.31946891451 132
2.8902652413 1.31946891451 113
2.95309709437 1.31946891451 76
3.01592894745 1.31946891451 52
3.07876080052 1.31946891451 17
0.0 1.38230076758 15
0.0628318530718 1.38230076758 42
0.125663706144 1.38230076758 71
0.188495559215 1.38230076758 108
0.251327412287 1.38230076758 146
0.314159265359 1.38230076758 194
0.376991118431 1.38230076758 208
0.439822971503 1.38230076758 214
0.502654824574 1.38230076758 244
0.565486677646 1.38230076758 263
0.628318530718 1.38230076758 317
0.69115038379 1.38230076758 331
0.753982236862 1.38230076758 337
0.816814089933 1.38230076758 354
0.879645943005 1.38230076758 348
0.942477796077 1.38230076758 389
1.00530964915 1.38230076758 444
1.06814150222 1.38230076758 452
1.13097335529 1.38230076758 470
1.19380520836 1.38230076758 435
1.25663706144 1.38230076758 469
1.31946891451 1.38230076758 499
1.38230076758 1.38230076758 444
1.44513262065 1.38230076758 507
1.50796447372 1.38230076758 448
1.57079632679 1.38230076758 468
1.63362817987 1.38230076758 499
1.69646003294 1.38230076758 493
1.75929188601 1.38230076758 503
1.82212373908 1.38230076758 459
1.88495559215 1.38230076758 455
1.94778744523 1.38230076758 446
2.0106192983 1.38230076758 419
2.07345115137 1.38230076758 393
2.13628300444 1.38230076758 428
2.19911485751 1.38230076758 402
2.26194671058 1.38230076758 371
2.32477856366 1.38230076758 347
2.38761041673 1.38230076758 339
2.4504422698 1.38230076758 287
2.51327412287 1.38230076758 276
2.57610597594 1.38230076758 291
2.63893782902 1.38230076758 211
2.70176968209 1.38230076758 200
2.76460153516 1.38230076758 159
2.82743338823 1.38230076758 130
2.8902652413 1.38230076758 91
2.95309709437 1.38230076758 88
3.01592894745 1.38230076758 50
3.07876080052 1.38230076758 11
0.0 1.44513262065 18
0.0628318530718 1.44513262065 55
0.125663706144 1.44513262065 89
0.188495559215 1.44513262065 102
0.251327412287 1.44513262065 146
0.314159265359 1.44513262065 184
0.376991118431 1.44513262065 185
0.439822971503 1.44513262065 224
0.502654824574 1.44513262065 237
0.565486677646 1.44513262065 274
0.628318530718 1.44513262065 278
0.69115038379 1.44513262065 332
0.753982236862 1.44513262065 351
0.816814089933 1.44513262065 338
0.879645943005 1.44513262065 403
0.942477796077 1.44513262065 414
1.00530964915 1.44513262065 423
1.06814150222 1.44513262065 426
1.13097335529 1.44513262065 497
1.19380520836 1.44513262065 446
1.25663706144 1.44513262065 493
1.31946891451 1.44513262065 490
1.38230076758 1.44513262065 505
1.44513262065 1.44513262065 482
1.50796447372 1.44513262065 510
1.57079632679 1.44513262065 483
1.63362817987 1.44513262065 507
1.69646003294 1.44513262065 489
1.75929188601 1.44513262065 461
1.82212373908 1.44513262065 508
1.88495559215 1.44513262065 466
1.94778744523 1.44513262065 431
2.0106192983 1.44513262065 416
2.07345115137 1.44513262065 430
2.13628300444 1.44513262065 364
2.19911485751 1.44513262065 407
2.26194671058 1.44513262065 358
2.32477856366 1.44513262065 349
2.38761041673 1.44513262065 337
2.4504422698 1.44513262065 304
2.51327412287 1.44513262065 275
2.57610597594 1.44513262065 247
2.63893782902 1.44513262065 215
2.70176968209 1.44513262065 171
2.76460153516 1.44513262065 160
2.82743338823 1.44513262065 130
2.8902652413 1.44513262065 106
2.95309709437 1.44513262065 95
3.01592894745 1.44513262065 47
3.07876080052 1.44513262065 33
0.0 1.50796447372 13
0.0628318530718 1.50796447372 34
0.125663706144 1.50796447372 58
0.188495559215 1.50796447372 115
0.251327412287 1.50796447372 138
0.314159265359 1.50796447372 158
0.376991118431 1.50796447372 189
0.439822971503 1.50796447372 195
0.502654824574 1.50796447372 258
0.565486677646 1.50796447372 291
0.628318530718 1.50796447372 287
0.69115038379 1.50796447372 307
0.753982236862 1.50796447372 337
0.816814089933 1.50796447372 385
0.879645943005 1.50796447372 413
0.942477796077 1.50796447372 417
1.00530964915 1.50796447372 457
1.06814150222 1.50796447372 442
1.13097335529 1.50796447372 444
1.19380520836 1.50796447372 487
1.25663706144 1.50796447372 483
1.31946891451 1.50796447372 473
1.38230076758 1.50796447372 507
1.44513262065 1.50796447372 534
1.50796447372 1.50796447372 475
1.57079632679 1.50796447372 515
1.63362817987 1.50796447372 510
1.69646003294 1.50796447372 473
1.75929188601 1.50796447372 491
1.82212373908 1.50796447372 446
1.88495559215 1.50796447372 447
1.94778744523 1.50796447372 429
2.0106192983 1.50796447372 415
2.07345115137 1.50796447372 447
2.13628300444 1.50796447372 398
2.19911485751 1.50796447372 418
2.26194671058 1.50796447372 350
2.32477856366 1.50796447372 370
2.38761041673 1.50796447372 297
2.4504422698 1.50796447372 312
2.51327412287 1.50796447372 293
2.57610597594 1.50796447372 242
2.63893782902 1.50796447372 198
2.70176968209 1.50796447372 191
2.76460153516 1.50796447372 172
2.82743338823 1.50796447372 152
2.8902652413 1.50796447372 122
2.95309709437 1.50796447372 74
3.01592894745 1.50796447372 43
3.07876080052 1.50796447372 22
0.0 1.57079632679 11
0.0628318530718 1.57079632679 51
0.125663706144 1.57079632679 82
0.188495559215 1.57079632679 90
0.251327412287 1.57079632679 128
0.314159265359 1.57079632679 176
0.376991118431 1.57079632679 220
0.439822971503 1.57079632679 205
0.502654824574 1.57079632679 268
0.565486677646 1.57079632679 271
0.628318530718 1.57079632679 309
0.69115038379 1.57079632679 315
0.753982236862 1.57079632679 352
0.816814089933 1.57079632679 359
0.879645943005 1.57079632679 380
0.942477796077 1.57079632679 399
1.00530964915 1.57079632679 450
1.06814150222 1.57079632679 426
1.13097335529 1.57079632679 427
1.19380520836 1.57079632679 442
1.25663706144 1.57079632679 423
1.31946891451 1.57079632679 490
1.38230076758 1.57079632679 526
1.44513262065 1.57079632679 507
1.50796447372 1.57079632679 524
1.57079632679 1.57079632679 485
1.63362817987 1.57079632679 442
1.69646003294 1.57079632679 471
1.75929188601 1.57079632679 483
1.82212373908 1.57079632679 475
1.88495559215 1.57079632679 450
1.94778744523 1.57079632679 487
2.0106192983 1.57079632679 431
2.07345115137 1.57079632679 398
2.13628300444 1.57079632679 399
2.19911485751 1.57079632679 395
2.26194671058 1.57079632679 379
2.32477856366 1.57079632679 352
2.38761041673 1.57079632679 330
2.4504422698 1.57079632679 276
2.51327412287 1.57079632679 299
2.57610597594 1.57079632679 240
2.63893782902 1.57079632679 220
2.70176968209 1.57079632679 195
2.76460153516 1.57079632679 148
2.82743338823 1.57079632679 140
2.8902652413 1.57079632679 103
2.95309709437 1.57079632679 74
3.01592894745 1.57079632679 55
3.07876080052 1.57079632679 14
0.0 1.63362817987 10
0.0628318530718 1.63362817987 54
0.125663706144 1.63362817987 77
0.188495559215 1.63362817987 91
0.251327412287 1.63362817987 139
0.314159265359 1.63362817987 183
0.376991118431 1.63362817987 182
0.439822971503 1.63362817987 234
0.502654824574 1.63362817987 252
0.565486677646 1.63362817987 298
0.628318530718 1.63362817987 304
0.69115038379 1.63362817987 306
0.753982236862 1.63362817987 357
0.816814089933 1.63362817987 362
0.879645943005 1.63362817987 389
0.942477796077 1.63362817987 402
1.00530964915 1.63362817987 426
1.06814150222 1.63362817987 466
1.13097335529 1.63362817987 423
1.19380520836 1.63362817987 462
1.25663706144 1.63362817987 452
1.31946891451 1.63362817987 473
1.38230076758 1.63362817987 497
1.44513262065 1.63362817987 473
1.50796447372 1.63362817987 514
1.57079632679 1.63362817987 493
1.63362817987 1.63362817987 487
1.69646003294 1.63362817987 490
1.75929188601 1.63362817987 472
1.82212373908 1.63362817987 485
1.88495559215 1.63362817987 469
1.94778744523 1.63362817987 473
2.0106192983 1.63362817987 422
2.07345115137 1.63362817987 428
2.13628300444 1.63362817987 395
2.19911485751 1.63362817987 410
2.26194671058 1.63362817987 368
2.32477856366 1.63362817987 359
2.38761041673 1.63362817987 329
2.4504422698 1.63362817987 288
2.51327412287 1.63362817987 267
2.57610597594 1.63362817987 236
2.63893782902 1.63362817987 229
2.70176968209 1.63362817987 189
2.76460153516 1.63362817987 184
2.82743338823 1.63362817987 130
2.8902652413 1.63362817987 128
2.95309709437 1.63362817987 108
3.01592894745 1.63362817987 39
3.07876080052 1.63362817987 13
0.0 1.69646003294 17
0.0628318530718 1.69646003294 53
0.125663706144 1.69646003294 77
0.188495559215 1.69646003294 110
0.251327412287 1.69646003294 142
0.314159265359 1.69646003294 154
0.376991118431 1.69646003294 209
0.439822971503 1.69646003294 234
0.502654824574 1.69646003294 247
0.565486677646 1.69646003294 284
0.628318530718 1.69646003294 292
0.69115038379 1.69646003294 306
0.753982236862 1.69646003294 380
0.816814089933 1.69646003294 368
0.879645943005 1.69646003294 406
0.942477796077 1.69646003294 395
1.00530964915 1.69646003294 421
1.06814150222 1.69646003294 446
1.13097335529 1.69646003294 423
1.19380520836 1.69646003294 468
1.25663706144 1.69646003294 469
1.31946891451 1.69646003294 461
1.38230076758 1.69646003294 467
1.44513262065 1.69646003294 467
1.50796447372 1.69646003294 488
1.57079632679 1.69646003294 533
1.63362817987 1.69646003294 468
1.69646003294 1.69646003294 486
1.75929188601 1.69646003294 446
1.82212373908 1.69646003294 490
1.88495559215 1.69646003294 458
1.94778744523 1.69646003294 440
2.0106192983 1.69646003294 442
2.07345115137 1.69646003294 414
2.13628300444 1.69646003294 447
2.19911485751 1.69646003294 394
2.26194671058 1.69646003294 336
2.32477856366 1.69646003294 342
2.38761041673 1.69646003294 316
2.4504422698 1.69646003294 311
2.51327412287 1.69646003294 280
2.57610597594 1.69646003294 224
2.63893782902 1.69646003294 214
2.70176968209 1.69646003294 185
2.76460153516 1.69646003294 169
2.82743338823 1.69646003294 159
2.8902652413 1.69646003294 115
2.95309709437 1.69646003294 83
3.01592894745 1.69646003294 55
3.07876080052 1.69646003294 18
0.0 1.75929188601 14
0.0628318530718 1.75929188601 51
0.125663706144 1.75929188601 74
0.188495559215 1.75929188601 100
0.251327412287 1.75929188601 135
0.314159265359 1.75929188601 172
0.376991118431 1.75929188601 200
0.439822971503 1.75929188601 245
0.502654824574 1.75929188601 275
0.565486677646 1.75929188601 266
0.628318530718 1.75929188601 307
0.69115038379 1.75929188601 309
0.753982236862 1.75929188601 342
0.816814089933 1.75929188601 359
0.879645943005 1.75929188601 369
0.942477796077 1.75929188601 414
1.00530964915 1.75929188601 422
1.06814150222 1.75929188601 420
1.13097335529 1.75929188601 417
1.19380520836 1.75929188601 477
1.25663706144 1.75929188601 421
1.31946891451 1.75929188601 467
1.38230076758 1.75929188601 486
1.44513262065 1.75929188601 456
1.50796447372 1.75929188601 463
1.57079632679 1.75929188601 491
1.63362817987 1.75929188601 491
1.69646003294 1.75929188601 500
1.75929188601 1.75929188601 445
1.82212373908 1.75929188601 469
1.88495559215 1.75929188601 475
1.94778744523 1.75929188601 432
2.0106192983 1.75929188601 422
2.07345115137 1.75929188601 442
2.13628300444 1.75929188601 422
2.19911485751 1.75929188601 386
2.26194671058 1.75929188601 330
2.32477856366 1.75929188601 336
2.38761041673 1.75929188601 303
2.4504422698 1.75929188601 290
2.51327412287 1.75929188601 271
2.57610597594 1.75929188601 239
2.63893782902 1.75929188601 200
2.70176968209 1.75929188601 181
2.76460153516 1.75929188601 141
2.82743338823 1.75929188601 136
2.8902652413 1.75929188601 107
2.95309709437 1.75929188601 75
3.01592894745 1.75929188601 43
3.07876080052 1.75929188601 11
0.0 1.82212373908 12
0.0628318530718 1.82212373908 54
0.125663706144 1.82212373908 72
0.188495559215 1.82212373908 124
0.251327412287 1.82212373908 136
0.314159265359 1.82212373908 161
0.376991118431 1.82212373908 198
0.439822971503 1.82212373908 225
0.502654824574 1.82212373908 265
0.565486677646 1.82212373908 282
0.628318530718 1.82212373908 274
0.69115038379 1.82212373908 300
0.753982236862 1.82212373908 334
0.816814089933 1.82212373908 345
0.879645943005 1.82212373908 350
0.942477796077 1.82212373908 381
1.00530964915 1.82212373908 431
1.06814150222 1.82212373908 418
1.13097335529 1.82212373908 390
1.19380520836 1.82212373908 445
1.25663706144 1.82212373908 474
1.31946891451 1.82212373908 487
1.38230076758 1.82212373908 492
1.44513262065 1.82212373908 469
1.50796447372 1.82212373908 490
1.57079632679 1.82212373908 501
1.63362817987 1.82212373908 482
1.69646003294 1.82212373908 463
1.75929188601 1.82212373908 479
1.82212373908 1.82212373908 427
1.88495559215 1.82212373908 451
1.94778744523 1.82212373908 434
2.0106192983 1.82212373908 437
2.07345115137 1.82212373908 373
2.13628300444 1.82212373908 412
2.19911485751 1.82212373908 346
2.26194671058 1.82212373908 356
2.32477856366 1.82212373908 305
2.38761041673 1.82212373908 309
2.4504422698 1.82212373908 295
2.51327412287 1.82212373908 268
2.57610597594 1.82212373908 220
2.63893782902 1.82212373908 207
2.70176968209 1.82212373908 202
2.76460153516 1.82212373908 190
2.82743338823 1.82212373908 150
2.8902652413 1.82212373908 100
2.95309709437 1.82212373908 67
3.01592894745 1.82212373908 32
3.07876080052 1.82212373908 16
0.0 1.88495559215 14
0.0628318530718 1.88495559215 44
0.125663706144 1.88495559215 76
0.188495559215 1.88495559215 85
0.251327412287 1.88495559215 121
0.314159265359 1.88495559215 154
0.376991118431 1.88495559215 180
0.439822971503 1.88495559215 224
0.502654824574 1.88495559215 222
0.565486677646 1.88495559215 259
0.628318530718 1.88495559215 296
0.69115038379 1.88495559215 312
0.753982236862 1.88495559215 347
0.816814089933 1.88495559215 328
0.879645943005 1.88495559215 352
0.942477796077 1.88495559215 406
1.00530964915 1.88495559215 421
1.06814150222 1.88495559215 411
1.13097335529 1.88495559215 417
1.19380520836 1.88495559215 426
1.25663706144 1.88495559215 450
1.31946891451 1.88495559215 446
1.38230076758 1.88495559215 418
1.44513262065 1.88495559215 460
1.50796447372 1.88495559215 448
1.57079632679 1.88495559215 492
1.63362817987 1.88495559215 467
1.69646003294 1.88495559215 484
1.75929188601 1.88495559215 448
1.82212373908 1.88495559215 453
1.88495559215 1.88495559215 456
1.94778744523 1.88495559215 420
2.0106192983 1.88495559215 390
2.07345115137 1.88495559215 398
2.13628300444 1.88495559215 399
2.19911485751 1.88495559215 357
2.26194671058 1.88495559215 372
2.32477856366 1.88495559215 329
2.38761041673 1.88495559215 354
2.4504422698 1.88495559215 269
2.51327412287 1.88495559215 246
2.57610597594 1.88495559215 233
2.63893782902 1.88495559215 224
2.70176968209 1.88495559215 205
2.76460153516 1.88495559215 160
2.82743338823 1.88495559215 140
2.8902652413 1.88495559215 114
2.95309709437 1.88495559215 71
3.01592894745 1.88495559215 38
3.07876080052 1.88495559215 17
0.0 1.94778744523 20
0.0628318530718 1.94778744523 39
0.125663706144 1.94778744523 56
0.188495559215 1.94778744523 103
0.251327412287 1.94778744523 123
0.314159265359 1.94778744523 160
0.376991118431 1.94778744523 173
0.439822971503 1.94778744523 196
0.502654824574 1.94778744523 236
0.565486677646 1.94778744523 249
0.628318530718 1.94778744523 277
0.69115038379 1.94778744523 293
0.753982236862 1.94778744523 303
0.816814089933 1.94778744523 351
0.879645943005 1.94778744523 360
0.942477796077 1.94778744523 398
1.00530964915 1.94778744523 409
1.06814150222 1.94778744523 407
1.13097335529 1.94778744523 410
1.19380520836 1.94778744523 436
1.25663706144 1.94778744523 437
1.31946891451 1.94778744523 444
1.38230076758 1.94778744523 381
1.44513262065 1.94778744523 447
1.50796447372 1.94778744523 445
1.57079632679 1.94778744523 489
1.63362817987 1.94778744523 445
1.69646003294 1.94778744523 454
1.75929188601 1.94778744523 453
1.82212373908 1.94778744523 475
1.88495559215 1.94778744523 417
1.94778744523 1.94778744523 419
2.0106192983 1.94778744523 401
2.07345115137 1.94778744523 400
2.13628300444 1.94778744523 368
2.19911485751 1.94778744523 377
2.26194671058 1.94778744523 358
2.32477856366 1.94778744523 284
2.38761041673 1.94778744523 297
2.4504422698 1.94778744523 269
2.51327412287 1.94778744523 281
2.57610597594 1.94778744523 243
2.63893782902 1.94778744523 201
2.70176968209 1.94778744523 173
2.76460153516 1.94778744523 157
2.82743338823 1.94778744523 135
2.8902652413 1.94778744523 86
2.95309709437 1.94778744523 90
3.01592894745 1.94778744523 40
3.07876080052 1.94778744523 14
0.0 2.0106192983 14
0.0628318530718 2.0106192983 36
0.125663706144 2.0106192983 74
0.188495559215 2.0106192983 81
0.251327412287 2.0106192983 159
0.314159265359 2.0106192983 144
0.376991118431 2.0106192983 175
0.439822971503 2.0106192983 198
0.502654824574 2.0106192983 239
0.565486677646 2.0106192983 247
0.628318530718 2.0106192983 276
0.69115038379 2.0106192983 309
0.753982236862 2.0106192983 269
0.816814089933 2.0106192983 303
0.879645943005 2.0106192983 355
0.942477796077 2.0106192983 373
1.00530964915 2.0106192983 363
1.06814150222 2.0106192983 402
1.13097335529 2.0106192983 395
1.19380520836 2.0106192983 436
1.25663706144 2.0106192983 446
1.31946891451 2.0106192983 419
1.38230076758 2.0106192983 405
1.44513262065 2.0106192983 437
1.50796447372 2.0106192983 422
1.57079632679 2.0106192983 436
1.63362817987 2.0106192983 413
1.69646003294 2.0106192983 486
1.75929188601 2.0106192983 397
1.82212373908 2.0106192983 421
1.88495559215 2.0106192983 407
1.94778744523 2.0106192983 409
2.0106192983 2.0106192983 397
2.07345115137 2.0106192983 390
2.13628300444 2.0106192983 340
2.19911485751 2.0106192983 352
2.26194671058 2.0106192983 294
2.32477856366 2.0106192983 334
2.38761041673 2.0106192983 288
2.4504422698 2.0106192983 264
2.51327412287 2.0106192983 254
2.57610597594 2.0106192983 236
2.63893782902 2.0106192983 217
2.70176968209 2.0106192983 156
2.76460153516 2.0106192983 152
2.82743338823 2.0106192983 109
2.8902652413 2.0106192983 94
2.95309709437 2.0106192983 62
3.01592894745 2.0106192983 42
3.07876080052 2.0106192983 14
0.0 2.07345115137 17
0.0628318530718 2.07345115137 39
0.125663706144 2.07345115137 64
0.188495559215 2.07345115137 86
0.251327412287 2.07345115137 130
0.314159265359 2.07345115137 148
0.376991118431 2.07345115137 180
0.439822971503 2.07345115137 187
0.502654824574 2.07345115137 218
0.565486677646 2.07345115137 272
0.628318530718 2.07345115137 262
0.69115038379 2.07345115137 264
0.753982236862 2.07345115137 325
0.816814089933 2.07345115137 334
0.879645943005 2.07345115137 338
0.942477796077 2.07345115137 335
1.00530964915 2.07345115137 399
1.06814150222 2.07345115137 370
1.13097335529 2.07345115137 388
1.19380520836 2.07345115137 401
1.25663706144 2.07345115137 438
1.31946891451 2.07345115137 388
1.38230076758 2.07345115137 452
1.44513262065 2.07345115137 425
1.50796447372 2.07345115137 436
1.57079632679 2.07345115137 396
1.63362817987 2.07345115137 453
1.69646003294 2.07345115137 455
1.75929188601 2.07345115137 454
1.82212373908 2.07345115137 403
1.88495559215 2.07345115137 371
1.94778744523 2.07345115137 397
2.0106192983 2.07345115137 349
2.07345115137 2.07345115137 379
2.13628300444 2.07345115137 359
2.19911485751 2.07345115137 320
2.26194671058 2.07345115137 313
2.32477856366 2.07345115137 301
2.38761041673 2.07345115137 270
2.4504422698 2.07345115137 285
2.51327412287 2.07345115137 245
2.57610597594 2.07345115137 213
2.63893782902 2.07345115137 183
2.70176968209 2.07345115137 163
2.76460153516 2.07345115137 131
2.82743338823 2.07345115137 122
2.8902652413 2.07345115137 104
2.95309709437 2.07345115137 62
3.01592894745 2.07345115137 37
3.07876080052 2.07345115137 13
0.0 2.13628300444 14
0.0628318530718 2.13628300444 43
0.125663706144 2.13628300444 63
0.188495559215 2.13628300444 74
0.251327412287 2.13628300444 131
0.314159265359 2.13628300444 134
0.376991118431 2.13628300444 148
0.439822971503 2.13628300444 182
0.502654824574 2.13628300444 203
0.565486677646 2.13628300444 222
0.628318530718 2.13628300444 242
0.69115038379 2.13628300444 276
0.753982236862 2.13628300444 284
0.816814089933 2.13628300444 293
0.879645943005 2.13628300444 320
0.942477796077 2.13628300444 363
1.00530964915 2.13628300444 329
1.06814150222 2.13628300444 354
1.13097335529 2.13628300444 381
1.19380520836 2.13628300444 334
1.25663706144 2.13628300444 434
1.31946891451 2.13628300444 396
1.38230076758 2.13628300444 392
1.44513262065 2.13628300444 379
1.50796447372 2.13628300444 394
1.57079632679 2.13628300444 424
1.63362817987 2.13628300444 402
1.69646003294 2.13628300444 406
1.75929188601 2.13628300444 387
1.82212373908 2.13628300444 403
1.88495559215 2.13628300444 363
1.94778744523 2.13628300444 373
2.0106192983 2.13628300444 368
2.07345115137 2.13628300444 342
2.13628300444 2.13628300444 349
2.19911485751 2.13628300444 320
2.26194671058 2.13628300444 304
2.32477856366 2.13628300444 278
2.38761041673 2.13628300444 285
2.4504422698 2.13628300444 252
2.51327412287 2.13628300444 229
2.57610597594 2.13628300444 236
2.63893782902 2.13628300444 193
2.70176968209 2.13628300444 185
2.76460153516 2.13628300444 142
2.82743338823 2.13628300444 136
2.8902652413 2.13628300444 80
2.95309709437 2.13628300444 66
3.01592894745 2.13628300444 33
3.07876080052 2.13628300444 13
0.0 2.19911485751 15
0.0628318530718 2.19911485751 46
0.125663706144 2.19911485751 43
0.188495559215 2.19911485751 85
0.251327412287 2.19911485751 129
0.314159265359 2.19911485751 125
0.376991118431 2.19911485751 153
0.439822971503 2.19911485751 180
0.502654824574 2.19911485751 207
0.565486677646 2.19911485751 238
0.628318530718 2.19911485751 248
0.69115038379 2.19911485751 237
0.753982236862 2.19911485751 274
0.816814089933 2.19911485751 298
0.879645943005 2.19911485751 300
0.942477796077 2.19911485751 360
1.00530964915 2.19911485751 325
1.06814150222 2.19911485751 346
1.13097335529 2.19911485751 359
1.19380520836 2.19911485751 368
1.25663706144 2.19911485751 370
1.31946891451 2.19911485751 357
1.38230076758 2.19911485751 413
1.44513262065 2.19911485751 387
1.50796447372 2.19911485751 381
1.57079632679 2.19911485751 382
1.63362817987 2.19911485751 400
1.69646003294 2.19911485751 376
1.75929188601 2.19911485751 395
1.82212373908 2.19911485751 344
1.88495559215 2.19911485751 374
1.94778744523 2.19911485751 367
2.0106192983 2.19911485751 350
2.07345115137 2.19911485751 350
2.13628300444 2.19911485751 288
2.19911485751 2.19911485751 269
2.26194671058 2.19911485751 310
2.32477856366 2.19911485751 288
2.38761041673 2.19911485751 244
2.4504422698 2.19911485751 274
2.51327412287 2.19911485751 241
2.57610597594 2.19911485751 200
2.63893782902 2.19911485751 169
2.70176968209 2.19911485751 156
2.76460153516 2.19911485751 120
2.82743338823 2.19911485751 112
2.8902652413 2.19911485751 68
2.95309709437 2.19911485751 49
3.01592894745 2.19911485751 33
3.07876080052 2.19911485751 15
0.0 2.26194671058 17
0.0628318530718 2.26194671058 36
0.125663706144 2.26194671058 64
0.188495559215 2.26194671058 78
0.251327412287 2.26194671058 111
0.314159265359 2.26194671058 136
0.376991118431 2.26194671058 170
0.439822971503 2.26194671058 178
0.502654824574 2.26194671058 175
0.565486677646 2.26194671058 209
0.628318530718 2.26194671058 235
0.69115038379 2.26194671058 257
0.753982236862 2.26194671058 257
0.816814089933 2.26194671058 269
0.879645943005 2.26194671058 312
0.942477796077 2.26194671058 337
1.00530964915 2.26194671058 339
1.06814150222 2.26194671058 336
1.13097335529 2.26194671058 357
1.19380520836 2.26194671058 334
1.25663706144 2.26194671058 368
1.31946891451 2.26194671058 351
1.38230076758 2.26194671058 341
1.44513262065 2.26194671058 339
1.50796447372 2.26194671058 365
1.57079632679 2.26194671058 395
1.63362817987 2.26194671058 351
1.69646003294 2.26194671058 366
1.75929188601 2.26194671058 343
1.82212373908 2.26194671058 332
1.88495559215 2.26194671058 361
1.94778744523 2.26194671058 346
2.0106192983 2.26194671058 334
2.07345115137 2.26194671058 335
2.13628300444 2.26194671058 281
2.19911485751 2.26194671058 311
2.26194671058 2.26194671058 239
2.32477856366 2.26194671058 246
2.38761041673 2.26194671058 229
2.4504422698 2.26194671058 215
2.51327412287 2.26194671058 232
2.57610597594 2.26194671058 169
2.63893782902 2.26194671058 158
2.70176968209 2.26194671058 153
2.76460153516 2.26194671058 120
2.82743338823 2.26194671058 98
2.8902652413 2.26194671058 85
2.95309709437 2.26194671058 52
3.01592894745 2.26194671058 33
3.07876080052 2.26194671058 10
0.0 2.32477856366 8
0.0628318530718 2.32477856366 33
0.125663706144 2.32477856366 58
0.188495559215 2.32477856366 71
0.251327412287 2.32477856366 80
0.314159265359 2.32477856366 113
0.376991118431 2.32477856366 134
0.439822971503 2.32477856366 158
0.502654824574 2.32477856366 168
0.565486677646 2.32477856366 237
0.628318530718 2.32477856366 234
0.69115038379 2.32477856366 227
0.753982236862 2.32477856366 278
0.816814089933 2.32477856366 294
0.879645943005 2.32477856366 248
0.942477796077 2.32477856366 282
1.00530964915 2.32477856366 296
1.06814150222 2.32477856366 321
1.13097335529 2.32477856366 333
1.19380520836 2.32477856366 333
1.25663706144 2.32477856366 324
1.31946891451 2.32477856366 372
1.38230076758 2.32477856366 369
1.44513262065 2.32477856366 361
1.50796447372 2.32477856366 311
1.57079632679 2.32477856366 355
1.63362817987 2.32477856366 391
1.69646003294 2.32477856366 349
1.75929188601 2.32477856366 352
1.82212373908 2.32477856366 309
1.88495559215 2.32477856366 309
1.94778744523 2.32477856366 318
2.0106192983 2.32477856366 297
2.07345115137 2.32477856366 317
2.13628300444 2.32477856366 296
2.19911485751 2.32477856366 279
2.26194671058 2.32477856366 241
2.32477856366 2.32477856366 231
2.38761041673 2.32477856366 207
2.4504422698 2.32477856366 189
2.51327412287 2.32477856366 204
2.57610597594 2.32477856366 194
2.63893782902 2.32477856366 177
2.70176968209 2.32477856366 138
2.76460153516 2.32477856366 119
2.82743338823 2.32477856366 102
2.8902652413 2.32477856366 93
2.95309709437 2.32477856366 48
3.01592894745 2.32477856366 41
3.07876080052 2.32477856366 6
0.0 2.38761041673 7
0.0628318530718 2.38761041673 23
0.125663706144 2.38761041673 52
0.188495559215 2.38761041673 70
0.251327412287 2.38761041673 92
0.314159265359 2.38761041673 126
0.376991118431 2.38761041673 106
0.439822971503 2.38761041673 154
0.502654824574 2.38761041673 151
0.565486677646 2.38761041673 181
0.628318530718 2.38761041673 193
0.69115038379 2.38761041673 225
0.753982236862 2.38761041673 258
0.816814089933 2.38761041673 209
0.879645943005 2.38761041673 272
0.942477796077 2.38761041673 274
1.00530964915 2.38761041673 263
1.06814150222 2.38761041673 311
1.13097335529 2.38761041673 337
1.19380520836 2.38761041673 304
1.25663706144 2.38761041673 339
1.31946891451 2.38761041673 318
1.38230076758 2.38761041673 311
1.44513262065 2.38761041673 347
1.50796447372 2.38761041673 318
1.57079632679 2.38761041673 264
1.63362817987 2.38761041673 317
1.69646003294 2.38761041673 316
1.75929188601 2.38761041673 309
1.82212373908 2.38761041673 313
1.88495559215 2.38761041673 328
1.94778744523 2.38761041673 301
2.0106192983 2.38761041673 313
2.07345115137 2.38761041673 289
2.13628300444 2.38761041673 293
2.19911485751 2.38761041673 261
2.26194671058 2.38761041673 248
2.32477856366 2.38761041673 188
2.38761041673 2.38761041673 230
2.4504422698 2.38761041673 176
2.51327412287 2.38761041673 180
2.57610597594 2.38761041673 180
2.63893782902 2.38761041673 134
2.70176968209 2.38761041673 125
2.76460153516 2.38761041673 104
2.82743338823 2.38761041673 78
2.8902652413 2.38761041673 78
2.95309709437 2.38761041673 48
3.01592894745 2.38761041673 37
3.07876080052 2.38761041673 6
0.0 2.4504422698 8
0.0628318530718 2.4504422698 18
0.125663706144 2.4504422698 54
0.188495559215 2.4504422698 69
0.251327412287 2.4504422698 83
0.314159265359 2.4504422698 103
0.376991118431 2.4504422698 114
0.439822971503 2.4504422698 170
0.502654824574 2.4504422698 161
0.565486677646 2.4504422698 164
0.628318530718 2.4504422698 182
0.69115038379 2.4504422698 214
0.753982236862 2.4504422698 214
0.816814089933 2.4504422698 239
0.879645943005 2.4504422698 253
0.942477796077 2.4504422698 270
1.00530964915 2.4504422698 269
1.06814150222 2.4504422698 250
1.13097335529 2.4504422698 275
1.19380520836 2.4504422698 292
1.25663706144 2.4504422698 277
1.31946891451 2.4504422698 318
1.38230076758 2.4504422698 286
1.44513262065 2.4504422698 289
1.50796447372 2.4504422698 323
1.57079632679 2.4504422698 310
1.63362817987 2.4504422698 285
1.69646003294 2.4504422698 332
1.75929188601 2.4504422698 293
1.82212373908 2.4504422698 300
1.88495559215 2.4504422698 274
1.94778744523 2.4504422698 298
2.0106192983 2.4504422698 274
2.07345115137 2.4504422698 262
2.13628300444 2.4504422698 269
2.19911485751 2.4504422698 253
2.26194671058 2.4504422698 225
2.32477856366 2.4504422698 224
2.38761041673 2.4504422698 215
2.4504422698 2.4504422698 197
2.51327412287 2.4504422698 173
2.57610597594 2.4504422698 157
2.63893782902 2.4504422698 140
2.70176968209 2.4504422698 134
2.76460153516 2.4504422698 87
2.82743338823 2.4504422698 95
2.8902652413 2.4504422698 59
2.95309709437 2.4504422698 41
3.01592894745 2.4504422698 24
3.07876080052 2.4504422698 4
0.0 2.51327412287 4
0.0628318530718 2.51327412287 23
0.125663706144 2.51327412287 37
0.188495559215 2.51327412287 65
0.251327412287 2.51327412287 68
0.314159265359 2.51327412287 107
0.376991118431 2.51327412287 105
0.439822971503 2.51327412287 107
0.502654824574 2.51327412287 139
0.565486677646 2.51327412287 151
0.628318530718 2.51327412287 182
0.69115038379 2.51327412287 204
0.753982236862 2.51327412287 212
0.816814089933 2.51327412287 192
0.879645943005 2.51327412287 217
0.942477796077 2.51327412287 232
1.00530964915 2.51327412287 225
1.06814150222 2.51327412287 230
1.13097335529 2.51327412287 273
1.19380520836 2.51327412287 260
1.25663706144 2.51327412287 273
1.31946891451 2.51327412287 277
1.38230076758 2.51327412287 257
1.44513262065 2.51327412287 284
1.50796447372 2.51327412287 284
1.57079632679 2.51327412287 275
1.63362817987 2.51327412287 254
1.69646003294 2.51327412287 269
1.75929188601 2.51327412287 268
1.82212373908 2.51327412287 273
1.88495559215 2.51327412287 275
1.94778744523 2.51327412287 252
2.0106192983 2.51327412287 239
2.07345115137 2.51327412287 240
2.13628300444 2.51327412287 227
2.19911485751 2.51327412287 229
2.26194671058 2.51327412287 203
2.32477856366 2.51327412287 214
2.38761041673 2.51327412287 187
2.4504422698 2.51327412287 177
2.51327412287 2.51327412287 164
2.57610597594 2.51327412287 129
2.63893782902 2.51327412287 120
2.70176968209 2.51327412287 101
2.76460153516 2.51327412287 90
2.82743338823 2.51327412287 54
2.8902652413 2.51327412287 66
2.95309709437 2.51327412287 47
3.01592894745 2.51327412287 19
3.07876080052 2.51327412287 12
0.0 2.57610597594 7
0.0628318530718 2.57610597594 20
0.125663706144 2.57610597594 37
0.188495559215 2.57610597594 65
0.251327412287 2.57610597594 75
0.314159265359 2.57610597594 86
0.376991118431 2.57610597594 100
0.439822971503 2.57610597594 113
0.502654824574 2.57610597594 114
0.565486677646 2.57610597594 143
0.628318530718 2.57610597594 159
0.69115038379 2.57610597594 174
0.753982236862 2.57610597594 154
0.816814089933 2.57610597594 184
0.879645943005 2.57610597594 184
0.942477796077 2.57610597594 228
1.00530964915 2.57610597594 227
1.06814150222 2.57610597594 249
1.13097335529 2.57610597594 243
1.19380520836 2.57610597594 218
1.25663706144 2.57610597594 261
1.31946891451 2.57610597594 251
1.38230076758 2.57610597594 248
1.44513262065 2.57610597594 249
1.50796447372 2.57610597594 248
1.57079632679 2.57610597594 255
1.63362817987 2.57610597594 253
1.69646003294 2.57610597594 271
1.75929188601 2.57610597594 245
1.82212373908 2.57610597594 226
1.88495559215 2.57610597594 240
1.94778744523 2.57610597594 221
2.0106192983 2.57610597594 227
2.07345115137 2.57610597594 225
2.13628300444 2.57610597594 233
2.19911485751 2.57610597594 186
2.26194671058 2.57610597594 185
2.32477856366 2.57610597594 189
2.38761041673 2.57610597594 184
2.4504422698 2.57610597594 172
2.51327412287 2.57610597594 127
2.57610597594 2.57610597594 125
2.63893782902 2.57610597594 108
2.70176968209 2.57610597594 100
2.76460153516 2.57610597594 82
2.82743338823 2.57610597594 76
2.8902652413 2.57610597594 59
2.95309709437 2.57610597594 42
3.01592894745 2.57610597594 15
3.07876080052 2.57610597594 13
0.0 2.63893782902 9
0.0628318530718 2.63893782902 19
0.125663706144 2.63893782902 28
0.188495559215 2.63893782902 43
0.251327412287 2.63893782902 63
0.314159265359 2.63893782902 68
0.376991118431 2.63893782902 96
0.439822971503 2.63893782902 91
0.502654824574 2.63893782902 122
0.565486677646 2.63893782902 122
0.628318530718 2.63893782902 138
0.69115038379 2.63893782902 166
0.753982236862 2.63893782902 154
0.816814089933 2.63893782902 192
0.879645943005 2.63893782902 158
0.942477796077 2.63893782902 198
1.00530964915 2.63893782902 190
1.06814150222 2.63893782902 203
1.13097335529 2.63893782902 212
1.19380520836 2.63893782902 222
1.25663706144 2.63893782902 199
1.31946891451 2.63893782902 216
1.38230076758 2.63893782902 207
1.44513262065 2.63893782902 206
1.50796447372 2.63893782902 230
1.57079632679 2.63893782902 217
1.63362817987 2.63893782902 230
1.69646003294 2.63893782902 214
1.75929188601 2.63893782902 220
1.82212373908 2.63893782902 222
1.88495559215 2.63893782902 218
1.94778744523 2.63893782902 201
2.0106192983 2.63893782902 205
2.07345115137 2.63893782902 210
2.13628300444 2.63893782902 184
2.19911485751 2.63893782902 182
2.26194671058 2.63893782902 167
2.32477856366 2.63893782902 166
2.38761041673 2.63893782902 149
2.4504422698 2.63893782902 139
2.51327412287 2.63893782902 127
2.57610597594 2.63893782902 136
2.63893782902 2.63893782902 97
2.70176968209 2.63893782902 100
2.76460153516 2.63893782902 70
2.82743338823 2.63893782902 70
2.8902652413 2.63893782902 48
2.95309709437 2.63893782902 31
3.01592894745 2.63893782902 21
3.07876080052 2.63893782902 9
0.0 2.70176968209 9
0.0628318530718 2.70176968209 21
0.125663706144 2.70176968209 39
0.188495559215 2.70176968209 42
0.251327412287 2.70176968209 39
0.314159265359 2.70176968209 56
0.376991118431 2.70176968209 68
0.439822971503 2.70176968209 92
0.502654824574 2.70176968209 97
0.565486677646 2.70176968209 111
0.628318530718 2.70176968209 110
0.69115038379 2.70176968209 135
0.753982236862 2.70176968209 144
0.816814089933 2.70176968209 126
0.879645943005 2.70176968209 136
0.942477796077 2.70176968209 177
1.00530964915 2.70176968209 175
1.06814150222 2.70176968209 173
1.13097335529 2.70176968209 199
1.19380520836 2.70176968209 178
1.25663706144 2.70176968209 171
1.31946891451 2.70176968209 195
1.38230076758 2.70176968209 186
1.44513262065 2.70176968209 202
1.50796447372 2.70176968209 197
1.57079632679 2.70176968209 231
1.63362817987 2.70176968209 188
1.69646003294 2.70176968209 185
1.75929188601 2.70176968209 176
1.82212373908 2.70176968209 187
1.88495559215 2.70176968209 171
1.94778744523 2.70176968209 185
2.0106192983 2.70176968209 164
2.07345115137 2.70176968209 162
2.13628300444 2.70176968209 148
2.19911485751 2.70176968209 143
2.26194671058 2.70176968209 166
2.32477856366 2.70176968209 141
2.38761041673 2.70176968209 152
2.4504422698 2.70176968209 113
2.51327412287 2.70176968209 106
2.57610597594 2.70176968209 110
2.63893782902 2.70176968209 94
2.70176968209 2.70176968209 78
2.76460153516 2.70176968209 55
2.82743338823 2.70176968209 50
2.8902652413 2.70176968209 35
2.95309709437 2.70176968209 28
3.01592894745 2.70176968209 19
3.07876080052 2.70176968209 5
0.0 2.76460153516 7
0.0628318530718 2.76460153516 15
0.125663706144 2.76460153516 23
0.188495559215 2.76460153516 44
0.251327412287 2.76460153516 47
0.314159265359 2.76460153516 76
0.376991118431 2.76460153516 70
0.439822971503 2.76460153516 87
0.502654824574 2.76460153516 95
0.565486677646 2.76460153516 99
0.628318530718 2.76460153516 102
0.69115038379 2.76460153516 109
0.753982236862 2.76460153516 126
0.816814089933 2.76460153516 107
0.879645943005 2.76460153516 122
0.942477796077 2.76460153516 122
1.00530964915 2.76460153516 146
1.06814150222 2.76460153516 161
1.13097335529 2.76460153516 175
1.19380520836 2.76460153516 156
1.25663706144 2.76460153516 132
1.31946891451 2.76460153516 174
1.38230076758 2.76460153516 183
1.44513262065 2.76460153516 169
1.50796447372 2.76460153516 155
1.57079632679 2.76460153516 169
1.63362817987 2.76460153516 166
1.69646003294 2.76460153516 177
1.75929188601 2.76460153516 166
1.82212373908 2.76460153516 157
1.88495559215 2.76460153516 157
1.94778744523 2.76460153516 145
2.0106192983 2.76460153516 150
2.07345115137 2.76460153516 181
2.13628300444 2.76460153516 136
2.19911485751 2.76460153516 140
2.26194671058 2.76460153516 130
2.32477856366 2.76460153516 99
2.38761041673 2.76460153516 96
2.4504422698 2.76460153516 102
2.51327412287 2.76460153516 94
2.57610597594 2.76460153516 90
2.63893782902 2.76460153516 75
2.70176968209 2.76460153516 62
2.76460153516 2.76460153516 54
2.82743338823 2.76460153516 49
2.8902652413 2.76460153516 35
2.95309709437 2.76460153516 16
3.01592894745 2.76460153516 11
3.07876080052 2.76460153516 6
0.0 2.82743338823 5
0.0628318530718 2.82743338823 10
0.125663706144 2.82743338823 14
0.188495559215 2.82743338823 32
0.251327412287 2.82743338823 44
0.314159265359 2.82743338823 49
0.376991118431 2.82743338823 56
0.439822971503 2.82743338823 54
0.502654824574 2.82743338823 59
0.565486677646 2.82743338823 73
0.628318530718 2.82743338823 81
0.69115038379 2.82743338823 109
0.753982236862 2.82743338823 99
0.816814089933 2.82743338823 95
0.879645943005 2.82743338823 106
0.942477796077 2.82743338823 98
1.00530964915 2.82743338823 112
1.06814150222 2.82743338823 119
1.13097335529 2.82743338823 115
1.19380520836 2.82743338823 140
1.25663706144 2.82743338823 125
1.31946891451 2.82743338823 148
1.38230076758 2.82743338823 123
1.44513262065 2.82743338823 139
1.50796447372 2.82743338823 122
1.57079632679 2.82743338823 157
1.63362817987 2.82743338823 119
1.69646003294 2.82743338823 129
1.75929188601 2.82743338823 139
1.82212373908 2.82743338823 126
1.88495559215 2.82743338823 129
1.94778744523 2.82743338823 132
2.0106192983 2.82743338823 134
2.07345115137 2.82743338823 97
2.13628300444 2.82743338823 106
2.19911485751 2.82743338823 99
2.26194671058 2.82743338823 110
2.32477856366 2.82743338823 99
2.38761041673 2.82743338823 95
2.4504422698 2.82743338823 73
2.51327412287 2.82743338823 82
2.57610597594 2.82743338823 85
2.63893782902 2.82743338823 66
2.70176968209 2.82743338823 53
2.76460153516 2.82743338823 53
2.82743338823 2.82743338823 43
2.8902652413 2.82743338823 19
2.95309709437 2.82743338823 20
3.01592894745 2.82743338823 15
3.07876080052 2.82743338823 3
0.0 2.8902652413 3
0.0628318530718 2.8902652413 11
0.125663706144 2.8902652413 15
0.188495559215 2.8902652413 19
0.251327412287 2.8902652413 29
0.314159265359 2.8902652413 40
0.376991118431 2.8902652413 46
0.439822971503 2.8902652413 49
0.502654824574 2.8902652413 55
0.565486677646 2.8902652413 75
0.628318530718 2.8902652413 67
0.69115038379 2.8902652413 73
0.753982236862 2.8902652413 79
0.816814089933 2.8902652413 74
0.879645943005 2.8902652413 84
0.942477796077 2.8902652413 83
1.00530964915 2.8902652413 89
1.06814150222 2.8902652413 81
1.13097335529 2.8902652413 99
1.19380520836 2.8902652413 96
1.25663706144 2.8902652413 101
1.31946891451 2.8902652413 102
1.38230076758 2.8902652413 102
1.44513262065 2.8902652413 99
1.50796447372 2.8902652413 101
1.57079632679 2.8902652413 103
1.63362817987 2.8902652413 95
1.69646003294 2.8902652413 104
1.75929188601 2.8902652413 92
1.82212373908 2.8902652413 120
1.88495559215 2.8902652413 83
1.94778744523 2.8902652413 89
2.0106192983 2.8902652413 88
2.07345115137 2.8902652413 90
2.13628300444 2.8902652413 83
2.19911485751 2.8902652413 88
2.26194671058 2.8902652413 100
2.32477856366 2.8902652413 73
2.38761041673 2.8902652413 85
2.4504422698 2.8902652413 77
2.51327412287 2.8902652413 68
2.57610597594 2.8902652413 53
2.63893782902 2.8902652413 42
2.70176968209 2.8902652413 53
2.76460153516 2.8902652413 47
2.82743338823 2.8902652413 28
2.8902652413 2.8902652413 32
2.95309709437 2.8902652413 20
3.01592894745 2.8902652413 8
3.07876080052 2.8902652413 3
0.0 2.95309709437 1
0.0628318530718 2.95309709437 9
0.125663706144 2.95309709437 10
0.188495559215 2.95309709437 23
0.251327412287 2.95309709437 24
0.314159265359 2.95309709437 23
0.376991118431 2.95309709437 27
0.439822971503 2.95309709437 31
0.502654824574 2.95309709437 25
0.565486677646 2.95309709437 51
0.628318530718 2.95309709437 47
0.69115038379 2.95309709437 48
0.753982236862 2.95309709437 59
0.816814089933 2.95309709437 65
0.879645943005 2.95309709437 52
0.942477796077 2.95309709437 67
1.00530964915 2.95309709437 65
1.06814150222 2.95309709437 75
1.13097335529 2.95309709437 70
1.19380520836 2.95309709437 62
1.25663706144 2.95309709437 81
1.31946891451 2.95309709437 69
1.38230076758 2.95309709437 68
1.44513262065 2.95309709437 85
1.50796447372 2.95309709437 80
1.57079632679 2.95309709437 103
1.63362817987 2.95309709437 86
1.69646003294 2.95309709437 91
1.75929188601 2.95309709437 89
1.82212373908 2.95309709437 62
1.88495559215 2.95309709437 79
1.94778744523 2.95309709437 78
2.0106192983 2.95309709437 52
2.07345115137 2.95309709437 71
2.13628300444 2.95309709437 63
2.19911485751 2.95309709437 56
2.26194671058 2.95309709437 60
2.32477856366 2.95309709437 53
2.38761041673 2.95309709437 47
2.4504422698 2.95309709437 34
2.51327412287 2.95309709437 37
2.57610597594 2.95309709437 47
2.63893782902 2.95309709437 44
2.70176968209 2.95309709437 26
2.76460153516 2.95309709437 16
2.82743338823 2.95309709437 19
2.8902652413 2.95309709437 19
2.95309709437 2.95309709437 14
3.01592894745 2.95309709437 7
3.07876080052 2.95309709437 2
0.0 3.01592894745 2
0.0628318530718 3.01592894745 5
0.125663706144 3.01592894745 3
0.188495559215 3.01592894745 11
0.251327412287 3.01592894745 13
0.314159265359 3.01592894745 14
0.376991118431 3.01592894745 18
0.439822971503 3.01592894745 26
0.502654824574 3.01592894745 29
0.565486677646 3.01592894745 19
0.628318530718 3.01592894745 31
0.69115038379 3.01592894745 30
0.753982236862 3.01592894745 35
0.816814089933 3.01592894745 32
0.879645943005 3.01592894745 30
0.942477796077 3.01592894745 39
1.00530964915 3.01592894745 39
1.06814150222 3.01592894745 33
1.13097335529 3.01592894745 42
1.19380520836 3.01592894745 21
1.25663706144 3.01592894745 41
1.31946891451 3.01592894745 37
1.38230076758 3.01592894745 46
1.44513262065 3.01592894745 49
1.50796447372 3.01592894745 60
1.57079632679 3.01592894745 47
1.63362817987 3.01592894745 49
1.69646003294 3.01592894745 53
1.75929188601 3.01592894745 36
1.82212373908 3.01592894745 50
1.88495559215 3.01592894745 47
1.94778744523 3.01592894745 40
2.0106192983 3.01592894745 32
2.07345115137 3.01592894745 37
2.13628300444 3.01592894745 38
2.19911485751 3.01592894745 38
2.26194671058 3.01592894745 32
2.32477856366 3.01592894745 24
2.38761041673 3.01592894745 30
2.4504422698 3.01592894745 31
2.51327412287 3.01592894745 25
2.57610597594 3.01592894745 21
2.63893782902 3.01592894745 23
2.70176968209 3.01592894745 22
2.76460153516 3.01592894745 13
2.82743338823 3.01592894745 10
2.8902652413 3.01592894745 13
2.95309709437 3.01592894745 6
3.01592894745 3.01592894745 6
3.07876080052 3.01592894745 2
0.0 3.07876080052 1
0.0628318530718 3.07876080052 0
0.125663706144 3.07876080052 1
0.188495559215 3.07876080052 3
0.251327412287 3.07876080052 5
0.314159265359 3.07876080052 8
0.376991118431 3.07876080052 6
0.439822971503 3.07876080052 4
0.502654824574 3.07876080052 9
0.565486677646 3.07876080052 4
0.628318530718 3.07876080052 8
0.69115038379 3.07876080052 10
0.753982236862 3.07876080052 13
0.816814089933 3.07876080052 8
0.879645943005 3.07876080052 9
0.942477796077 3.07876080052 19
1.00530964915 3.07876080052 13
1.06814150222 3.07876080052 12
1.13097335529 3.07876080052 14
1.19380520836 3.07876080052 17
1.25663706144 3.07876080052 12
1.31946891451 3.07876080052 10
1.38230076758 3.07876080052 20
1.44513262065 3.07876080052 18
1.50796447372 3.07876080052 21
1.57079632679 3.07876080052 16
1.63362817987 3.07876080052 18
1.69646003294 3.07876080052 16
1.75929188601 3.07876080052 16
1.82212373908 3.07876080052 12
1.88495559215 3.07876080052 13
1.94778744523 3.07876080052 16
2.0106192983 3.07876080052 15
2.07345115137 3.07876080052 11
2.13628300444 3.07876080052 16
2.19911485751 3.07876080052 14
2.26194671058 3.07876080052 11
2.32477856366 3.07876080052 8
2.38761041673 3.07876080052 9
2.4504422698 3.07876080052 8
2.51327412287 3.07876080052 10
2.57610597594 3.07876080052 10
2.63893782902 3.07876080052 6
2.70176968209 3.07876080052 1
2.76460153516 3.07876080052 6
2.82743338823 3.07876080052 5
2.8902652413 3.07876080052 5
2.95309709437 3.07876080052 1
3.01592894745 3.07876080052 1
3.07876080052 3.07876080052 0
